W=[0.5275 0.5023 0.3971;0.4287 0.5149 0.5790];